0.00002722
0.00007023
0.00012957
0.00016993
0.00013988
-0.00002059
-0.00029507
-0.00059732
-0.00087461
-0.00107026
-0.00124277
-0.00147345
-0.00168618
-0.00183287
-0.00184908
-0.00179571
-0.00173530
-0.00167036
-0.00160944
-0.00155224
-0.00149407
-0.00140829
-0.00129265
-0.00115613
-0.00099919
-0.00082414
-0.00064140
-0.00049098
-0.00038138
-0.00029853
-0.00025832
-0.00031782
-0.00049049
-0.00071945
-0.00096946
-0.00118785
-0.00134759
-0.00143342
-0.00146481
-0.00152712
-0.00163282
-0.00174639
-0.00185872
-0.00196384
-0.00205588
-0.00210097
-0.00211423
-0.00210597
-0.00207216
-0.00202064
-0.00197475
-0.00197327
-0.00199123
-0.00200162
-0.00199954
-0.00199352
-0.00197230
-0.00191715
-0.00184981
-0.00177493
-0.00169555
-0.00161217
-0.00154890
-0.00153631
-0.00155483
-0.00159111
-0.00163711
-0.00168735
-0.00171716
-0.00170814
-0.00167669
-0.00162670
-0.00156013
-0.00147736
-0.00141489
-0.00139780
-0.00140571
-0.00143207
-0.00146811
-0.00150896
-0.00152413
-0.00150713
-0.00146937
-0.00141409
-0.00134963
-0.00128054
-0.00125009
-0.00126948
-0.00131352
-0.00137305
-0.00143768
-0.00149612
-0.00152001
-0.00151093
-0.00147980
-0.00143575
-0.00138483
-0.00133000
-0.00131243
-0.00133087
-0.00136340
-0.00140569
-0.00145394
-0.00149347
-0.00149738
-0.00147564
-0.00143300
-0.00137345
-0.00129830
-0.00122115
-0.00118716
-0.00119044
-0.00121865
-0.00126551
-0.00132578
-0.00137733
-0.00139470
-0.00139063
-0.00136725
-0.00132885
-0.00127390
-0.00122744
-0.00122424
-0.00124532
-0.00128155
-0.00132501
-0.00137167
-0.00139668
-0.00138750
-0.00135807
-0.00131118
-0.00125222
-0.00117974
-0.00112725
-0.00112048
-0.00113829
-0.00117413
-0.00122135
-0.00127450
-0.00130904
-0.00131436
-0.00130257
-0.00127404
-0.00122991
-0.00117314
-0.00114415
-0.00115960
-0.00119335
-0.00124203
-0.00129668
-0.00135193
-0.00137869
-0.00137192
-0.00134562
-0.00130085
-0.00124153
-0.00117653
-0.00114847
-0.00116007
-0.00119366
-0.00124071
-0.00129655
-0.00134585
-0.00136369
-0.00135765
-0.00133515
-0.00129870
-0.00124866
-0.00120023
-0.00119521
-0.00122711
-0.00127688
-0.00133527
-0.00139777
-0.00144995
-0.00146619
-0.00145767
-0.00142582
-0.00137536
-0.00130745
-0.00124787
-0.00123723
-0.00125694
-0.00129529
-0.00134348
-0.00140022
-0.00144027
-0.00144901
-0.00143997
-0.00141292
-0.00136982
-0.00131247
-0.00127548
-0.00128746
-0.00132725
-0.00138383
-0.00144851
-0.00151622
-0.00156210
-0.00157662
-0.00156900
-0.00153970
-0.00149772
-0.00144432
-0.00141744
-0.00143443
-0.00147395
-0.00152930
-0.00159394
-0.00165952
-0.00169759
-0.00170410
-0.00168912
-0.00165627
-0.00160835
-0.00155408
-0.00153283
-0.00155391
-0.00159571
-0.00165259
-0.00171816
-0.00177976
-0.00180773
-0.00180895
-0.00179087
-0.00175514
-0.00170180
-0.00164772
-0.00163686
-0.00165907
-0.00169971
-0.00175491
-0.00182204
-0.00187959
-0.00190366
-0.00190332
-0.00188279
-0.00184465
-0.00179266
-0.00174855
-0.00174832
-0.00177821
-0.00182797
-0.00188830
-0.00195396
-0.00200539
-0.00202246
-0.00201770
-0.00199357
-0.00195669
-0.00190595
-0.00186866
-0.00187847
-0.00191506
-0.00197077
-0.00203638
-0.00210762
-0.00215532
-0.00217088
-0.00216647
-0.00214139
-0.00210420
-0.00205452
-0.00203036
-0.00204913
-0.00209101
-0.00214891
-0.00221445
-0.00228293
-0.00232616
-0.00233764
-0.00232812
-0.00229947
-0.00225460
-0.00219927
-0.00217900
-0.00219973
-0.00223990
-0.00229637
-0.00235999
-0.00241876
-0.00244803
-0.00245439
-0.00243893
-0.00240649
-0.00236073
-0.00231254
-0.00230620
-0.00233606
-0.00238627
-0.00245251
-0.00252478
-0.00258915
-0.00262105
-0.00262770
-0.00261470
-0.00258571
-0.00254189
-0.00250390
-0.00251150
-0.00255033
-0.00260849
-0.00267776
-0.00275377
-0.00281475
-0.00283950
-0.00284314
-0.00282813
-0.00279689
-0.00274885
-0.00271381
-0.00272693
-0.00276854
-0.00282734
-0.00289706
-0.00297241
-0.00302444
-0.00304211
-0.00304115
-0.00302235
-0.00298606
-0.00293246
-0.00290156
-0.00291787
-0.00295899
-0.00301401
-0.00307818
-0.00314529
-0.00318877
-0.00319917
-0.00318909
-0.00315972
-0.00311500
-0.00305883
-0.00303255
-0.00304873
-0.00308679
-0.00314072
-0.00320495
-0.00326911
-0.00330596
-0.00331398
-0.00330380
-0.00327447
-0.00322834
-0.00317815
-0.00316569
-0.00319211
-0.00323942
-0.00330094
-0.00337291
-0.00343884
-0.00347069
-0.00347704
-0.00346284
-0.00342878
-0.00337899
-0.00333285
-0.00332916
-0.00336129
-0.00341193
-0.00347417
-0.00354376
-0.00360068
-0.00362373
-0.00362292
-0.00360084
-0.00356129
-0.00350682
-0.00346379
-0.00346586
-0.00349848
-0.00355045
-0.00361252
-0.00368043
-0.00372815
-0.00374152
-0.00373616
-0.00370911
-0.00366665
-0.00361082
-0.00357587
-0.00358492
-0.00362267
-0.00367689
-0.00373897
-0.00380582
-0.00384562
-0.00385290
-0.00383910
-0.00380936
-0.00376236
-0.00370281
-0.00367339
-0.00369103
-0.00372998
-0.00378429
-0.00384650
-0.00390916
-0.00394196
-0.00394472
-0.00392830
-0.00389441
-0.00384482
-0.00379001
-0.00377066
-0.00379304
-0.00383687
-0.00389476
-0.00396186
-0.00402315
-0.00405367
-0.00405688
-0.00403647
-0.00399555
-0.00393584
-0.00387477
-0.00385556
-0.00386951
-0.00389968
-0.00393953
-0.00398534
-0.00401912
-0.00401485
-0.00398471
-0.00393264
-0.00386405
-0.00377874
-0.00370141
-0.00366891
-0.00366879
-0.00368294
-0.00370372
-0.00373194
-0.00374100
-0.00371568
-0.00366789
-0.00360197
-0.00351901
-0.00341927
-0.00333704
-0.00330155
-0.00328946
-0.00329560
-0.00331505
-0.00333821
-0.00333519
-0.00329856
-0.00324276
-0.00316783
-0.00307419
-0.00296598
-0.00288487
-0.00284602
-0.00282916
-0.00282952
-0.00284121
-0.00285466
-0.00283867
-0.00279405
-0.00272866
-0.00264510
-0.00254674
-0.00244214
-0.00237625
-0.00235076
-0.00234485
-0.00235439
-0.00237557
-0.00238944
-0.00237150
-0.00232972
-0.00226634
-0.00218598
-0.00209051
-0.00199421
-0.00194236
-0.00192642
-0.00193058
-0.00194590
-0.00196808
-0.00197909
-0.00195308
-0.00190342
-0.00183321
-0.00174787
-0.00164571
-0.00155477
-0.00151234
-0.00149907
-0.00150486
-0.00152235
-0.00154377
-0.00154442
-0.00151223
-0.00145737
-0.00138589
-0.00130024
-0.00119986
-0.00111897
-0.00108624
-0.00107888
-0.00108772
-0.00110485
-0.00112601
-0.00112240
-0.00108409
-0.00102705
-0.00095280
-0.00086467
-0.00076302
-0.00069404
-0.00067136
-0.00066971
-0.00068407
-0.00070812
-0.00073112
-0.00072387
-0.00068600
-0.00062917
-0.00055456
-0.00046278
-0.00036457
-0.00030312
-0.00028025
-0.00027840
-0.00029019
-0.00030941
-0.00032169
-0.00030098
-0.00025472
-0.00018768
-0.00010285
-0.00002183
