-0.00004638
-0.00010462
-0.00014967
-0.00018179
-0.00023907
-0.00033109
-0.00041712
-0.00045595
-0.00050159
-0.00064675
-0.00084449
-0.00102809
-0.00118801
-0.00129517
-0.00130816
-0.00123177
-0.00110731
-0.00095884
-0.00079687
-0.00063868
-0.00053016
-0.00048000
-0.00045537
-0.00043140
-0.00039961
-0.00035918
-0.00028530
-0.00017779
-0.00004209
0.00011810
0.00029044
0.00045571
0.00055241
0.00056587
0.00051419
0.00041161
0.00027596
0.00013744
0.00003468
-0.00003260
-0.00006907
-0.00008212
-0.00008067
-0.00008296
-0.00012324
-0.00018889
-0.00025917
-0.00033245
-0.00041029
-0.00047012
-0.00049025
-0.00048714
-0.00046453
-0.00042373
-0.00036146
-0.00030551
-0.00029109
-0.00030138
-0.00032691
-0.00036579
-0.00041267
-0.00043905
-0.00043579
-0.00040973
-0.00036080
-0.00029529
-0.00021452
-0.00015770
-0.00014777
-0.00016346
-0.00019717
-0.00024353
-0.00029502
-0.00032346
-0.00032259
-0.00030479
-0.00026849
-0.00021507
-0.00014913
-0.00011271
-0.00011224
-0.00013232
-0.00016748
-0.00021409
-0.00026122
-0.00028101
-0.00027597
-0.00025308
-0.00021500
-0.00016348
-0.00011091
-0.00009924
-0.00012243
-0.00016273
-0.00021621
-0.00027441
-0.00031827
-0.00032813
-0.00031146
-0.00027363
-0.00022133
-0.00015396
-0.00009544
-0.00007910
-0.00009239
-0.00012335
-0.00016338
-0.00021172
-0.00024515
-0.00024440
-0.00022355
-0.00018220
-0.00012176
-0.00004681
0.00000965
0.00001811
-0.00000442
-0.00004842
-0.00010289
-0.00015853
-0.00019070
-0.00018847
-0.00016556
-0.00012371
-0.00006444
0.00000755
0.00004828
0.00004585
0.00002354
-0.00001311
-0.00005758
-0.00010144
-0.00011604
-0.00010265
-0.00007145
-0.00002196
0.00004476
0.00011866
0.00015386
0.00014746
0.00012098
0.00008007
0.00002945
-0.00001713
-0.00003173
-0.00002061
0.00001147
0.00006210
0.00012720
0.00018886
0.00020596
0.00019240
0.00016305
0.00012134
0.00006921
0.00003157
0.00002771
0.00004564
0.00008111
0.00013214
0.00019621
0.00024628
0.00024923
0.00022061
0.00017452
0.00011885
0.00005560
0.00001313
0.00000371
0.00001474
0.00004566
0.00009053
0.00014715
0.00017801
0.00016370
0.00012661
0.00007628
0.00001708
-0.00004417
-0.00007767
-0.00007868
-0.00005920
-0.00002097
0.00003431
0.00009774
0.00012835
0.00011769
0.00008470
0.00003608
-0.00002288
-0.00008149
-0.00011011
-0.00011018
-0.00009035
-0.00005357
-0.00000232
0.00005246
0.00006873
0.00004936
0.00000860
-0.00004286
-0.00010236
-0.00015363
-0.00017021
-0.00016431
-0.00013578
-0.00009223
-0.00003400
0.00001340
0.00001569
-0.00001457
-0.00006322
-0.00012110
-0.00018560
-0.00023508
-0.00025279
-0.00024896
-0.00022664
-0.00018967
-0.00013747
-0.00010595
-0.00012438
-0.00016603
-0.00022363
-0.00028815
-0.00035729
-0.00040253
-0.00041436
-0.00040601
-0.00037952
-0.00033811
-0.00028626
-0.00026448
-0.00028647
-0.00032835
-0.00038617
-0.00045298
-0.00051905
-0.00055507
-0.00056281
-0.00054896
-0.00051504
-0.00046637
-0.00041148
-0.00039450
-0.00041478
-0.00045264
-0.00050355
-0.00056489
-0.00062147
-0.00064434
-0.00064014
-0.00061644
-0.00057451
-0.00051790
-0.00046636
-0.00045946
-0.00048490
-0.00052948
-0.00058645
-0.00065080
-0.00069933
-0.00071242
-0.00070285
-0.00067390
-0.00062839
-0.00056842
-0.00052069
-0.00051835
-0.00054509
-0.00058887
-0.00064049
-0.00069751
-0.00073198
-0.00073094
-0.00071232
-0.00067477
-0.00062242
-0.00055659
-0.00051495
-0.00051984
-0.00054592
-0.00058806
-0.00063992
-0.00069212
-0.00071989
-0.00071580
-0.00069341
-0.00065463
-0.00060194
-0.00053801
-0.00050564
-0.00051577
-0.00054655
-0.00059411
-0.00065043
-0.00069989
-0.00071586
-0.00070559
-0.00067641
-0.00062932
-0.00056696
-0.00050537
-0.00048430
-0.00049875
-0.00053029
-0.00057266
-0.00062268
-0.00066231
-0.00066667
-0.00064783
-0.00060824
-0.00055365
-0.00048395
-0.00042307
-0.00040960
-0.00042601
-0.00045982
-0.00050450
-0.00055446
-0.00058461
-0.00058111
-0.00055869
-0.00051850
-0.00046262
-0.00039080
-0.00033736
-0.00033187
-0.00035125
-0.00038752
-0.00043459
-0.00048378
-0.00050831
-0.00050333
-0.00048002
-0.00043729
-0.00037964
-0.00031265
-0.00027597
-0.00028480
-0.00031670
-0.00036133
-0.00041327
-0.00046604
-0.00048856
-0.00048096
-0.00045646
-0.00041481
-0.00035602
-0.00029193
-0.00026543
-0.00027980
-0.00031533
-0.00036339
-0.00041932
-0.00046900
-0.00048481
-0.00047626
-0.00044766
-0.00039917
-0.00033560
-0.00027601
-0.00025944
-0.00027446
-0.00030899
-0.00035467
-0.00040816
-0.00044706
-0.00045109
-0.00043311
-0.00039354
-0.00033949
-0.00027017
-0.00021594
-0.00020849
-0.00022827
-0.00026462
-0.00031059
-0.00036293
-0.00039475
-0.00039184
-0.00037014
-0.00033027
-0.00027343
-0.00020350
-0.00015908
-0.00016032
-0.00018440
-0.00022290
-0.00027037
-0.00032009
-0.00034268
-0.00033462
-0.00030647
-0.00025716
-0.00019302
-0.00012200
-0.00008609
-0.00009031
-0.00011590
-0.00015521
-0.00020261
-0.00024661
-0.00025791
-0.00024219
-0.00020555
-0.00015152
-0.00008293
-0.00001392
0.00001376
0.00000607
-0.00002233
-0.00006416
-0.00011375
-0.00015389
-0.00015800
-0.00013598
-0.00009561
-0.00004017
0.00003278
0.00009481
0.00010637
0.00008942
0.00005541
0.00001084
-0.00004107
-0.00007342
-0.00007504
-0.00005613
-0.00001592
0.00003929
0.00011030
0.00015995
0.00016188
0.00014001
0.00010167
0.00005331
0.00000327
-0.00002253
-0.00001892
0.00000340
0.00004136
0.00009508
0.00015779
0.00018830
0.00017752
0.00014638
0.00010092
0.00004427
-0.00000773
-0.00002861
-0.00002295
0.00000194
0.00004594
0.00010555
0.00016929
0.00019344
0.00018065
0.00014795
0.00010180
0.00005045
0.00000624
-0.00000379
0.00000918
0.00003953
0.00008778
0.00015088
0.00021013
0.00022471
0.00020757
0.00016918
0.00011910
0.00006180
0.00002085
0.00001445
0.00003082
0.00006898
0.00012076
0.00018689
0.00023768
0.00024506
0.00022603
0.00018601
0.00013516
0.00007926
0.00004804
0.00004904
0.00006779
0.00010464
0.00015832
0.00022242
0.00025915
0.00025307
0.00022339
0.00017683
0.00012196
0.00006839
0.00004265
0.00004509
0.00006874
0.00011030
0.00016807
0.00023467
0.00026328
0.00025117
0.00021687
0.00016831
0.00011263
0.00006291
0.00004644
0.00005541
0.00008263
0.00012689
0.00018826
0.00024951
0.00026679
0.00024908
0.00021127
0.00016010
0.00010152
0.00005575
0.00004331
0.00005362
0.00008400
0.00012990
0.00019036
0.00023989
0.00024328
0.00021827
0.00017579
0.00012109
0.00006116
0.00001823
0.00000924
