0.00005704
0.00010598
0.00009149
0.00000343
-0.00013197
-0.00029197
-0.00043943
-0.00053839
-0.00059948
-0.00071147
-0.00088606
-0.00107282
-0.00122175
-0.00130698
-0.00133168
-0.00130811
-0.00128055
-0.00124798
-0.00120866
-0.00113784
-0.00104389
-0.00092682
-0.00077614
-0.00060259
-0.00041787
-0.00026553
-0.00015449
-0.00006247
0.00001427
0.00008570
0.00016012
0.00025802
0.00035328
0.00040440
0.00040462
0.00037262
0.00031108
0.00019927
0.00005313
-0.00010344
-0.00025587
-0.00040438
-0.00052982
-0.00061385
-0.00066675
-0.00069494
-0.00069667
-0.00067126
-0.00063682
-0.00063727
-0.00066400
-0.00070911
-0.00076921
-0.00083673
-0.00087808
-0.00087306
-0.00083679
-0.00077057
-0.00068167
-0.00057457
-0.00048924
-0.00045823
-0.00045958
-0.00048318
-0.00051870
-0.00056312
-0.00058499
-0.00057343
-0.00054120
-0.00049100
-0.00042461
-0.00034614
-0.00029810
-0.00029739
-0.00031999
-0.00035780
-0.00040647
-0.00045620
-0.00047443
-0.00045915
-0.00042054
-0.00036228
-0.00028666
-0.00020746
-0.00017217
-0.00017871
-0.00020703
-0.00025163
-0.00030857
-0.00036118
-0.00038118
-0.00037653
-0.00034978
-0.00030332
-0.00023987
-0.00017779
-0.00015670
-0.00016659
-0.00019482
-0.00023691
-0.00028717
-0.00032398
-0.00032460
-0.00030253
-0.00025849
-0.00019633
-0.00011701
-0.00005114
-0.00003258
-0.00004203
-0.00007026
-0.00010860
-0.00015318
-0.00017605
-0.00016512
-0.00013385
-0.00008626
-0.00002738
0.00004020
0.00007875
0.00007335
0.00004575
0.00000310
-0.00004617
-0.00009625
-0.00011528
-0.00010544
-0.00007631
-0.00002549
0.00004485
0.00012245
0.00016487
0.00016671
0.00014941
0.00011632
0.00007279
0.00003388
0.00002902
0.00004947
0.00008844
0.00014571
0.00021682
0.00028628
0.00031183
0.00030212
0.00026827
0.00022340
0.00017426
0.00013734
0.00013406
0.00015515
0.00019320
0.00024911
0.00032265
0.00038601
0.00040408
0.00039138
0.00035976
0.00031417
0.00026364
0.00023466
0.00023829
0.00026215
0.00030428
0.00036173
0.00043300
0.00048214
0.00048276
0.00045551
0.00041199
0.00035859
0.00030176
0.00026870
0.00026643
0.00028442
0.00032170
0.00037561
0.00044081
0.00047609
0.00047068
0.00044338
0.00039874
0.00034624
0.00030022
0.00028481
0.00029682
0.00032749
0.00037552
0.00043774
0.00050330
0.00052792
0.00051320
0.00047749
0.00042882
0.00037268
0.00032463
0.00031041
0.00032075
0.00035325
0.00040257
0.00046673
0.00052326
0.00053895
0.00052370
0.00048696
0.00043560
0.00037887
0.00034093
0.00033885
0.00035879
0.00039680
0.00044901
0.00051631
0.00056877
0.00057696
0.00055654
0.00051732
0.00046588
0.00041233
0.00038249
0.00038437
0.00040566
0.00044402
0.00049872
0.00056526
0.00060566
0.00060122
0.00057337
0.00052963
0.00047809
0.00042677
0.00040736
0.00041588
0.00044345
0.00048933
0.00054808
0.00061424
0.00064221
0.00062942
0.00059914
0.00055571
0.00049970
0.00045003
0.00043583
0.00044859
0.00048117
0.00053003
0.00059584
0.00065880
0.00067740
0.00066125
0.00062803
0.00058158
0.00052766
0.00048580
0.00047819
0.00049398
0.00052711
0.00057736
0.00063959
0.00068840
0.00069209
0.00066732
0.00062657
0.00057481
0.00051669
0.00047923
0.00047405
0.00048665
0.00051995
0.00056865
0.00063077
0.00067034
0.00066483
0.00063527
0.00058784
0.00053322
0.00047716
0.00044861
0.00044943
0.00046948
0.00050987
0.00056619
0.00063013
0.00066103
0.00065028
0.00061784
0.00056871
0.00050938
0.00045333
0.00042918
0.00043141
0.00045317
0.00049415
0.00055155
0.00060957
0.00062346
0.00060185
0.00056203
0.00050956
0.00044715
0.00039440
0.00037803
0.00038505
0.00041282
0.00045717
0.00051720
0.00056956
0.00057436
0.00054813
0.00050620
0.00045116
0.00039142
0.00034938
0.00034310
0.00035932
0.00039471
0.00044560
0.00051098
0.00055520
0.00055096
0.00052458
0.00047900
0.00042474
0.00036877
0.00033508
0.00033472
0.00035802
0.00040087
0.00045853
0.00052629
0.00056150
0.00055452
0.00052479
0.00048040
0.00042759
0.00037475
0.00035200
0.00035674
0.00037987
0.00042199
0.00048014
0.00054523
0.00057055
0.00055522
0.00051711
0.00046631
0.00041046
0.00035956
0.00034122
0.00034879
0.00037541
0.00041704
0.00047584
0.00053070
0.00053856
0.00051112
0.00046637
0.00041335
0.00035370
0.00030580
0.00029090
0.00029966
0.00032871
0.00037092
0.00042914
0.00047400
0.00047026
0.00043888
0.00039127
0.00033192
0.00027091
0.00023271
0.00022598
0.00024015
0.00027509
0.00032514
0.00038894
0.00042620
0.00041770
0.00038742
0.00033968
0.00028129
0.00022264
0.00019145
0.00019043
0.00020794
0.00024573
0.00030270
0.00036590
0.00038797
0.00036897
0.00033094
0.00027988
0.00021978
0.00016268
0.00014028
0.00014388
0.00016685
0.00020777
0.00026425
0.00032290
0.00033871
0.00031782
0.00027858
0.00022752
0.00016782
0.00011632
0.00010241
0.00011173
0.00014201
0.00018753
0.00025065
0.00030349
0.00031166
0.00028969
0.00024924
0.00019993
0.00014404
0.00010756
0.00010469
0.00012124
0.00015807
0.00021008
0.00027690
0.00032428
0.00032567
0.00030045
0.00025700
0.00020351
0.00014821
0.00011968
0.00012385
0.00014448
0.00018348
0.00023676
0.00029908
0.00032820
0.00031580
0.00028268
0.00023361
0.00017452
0.00011902
0.00009326
0.00009491
0.00012083
0.00016483
0.00022287
0.00028210
0.00029967
0.00028043
0.00024102
0.00018787
0.00012759
0.00007689
0.00006050
0.00006884
0.00009752
0.00014261
0.00020212
0.00025753
0.00026602
0.00024266
0.00020102
0.00014780
0.00008846
0.00004424
0.00003453
0.00004651
0.00007892
0.00012805
0.00019152
0.00023733
0.00023542
0.00020549
0.00015947
0.00010529
0.00004949
0.00001609
0.00001431
0.00003120
0.00006470
0.00011421
0.00017683
0.00021538
0.00020671
0.00017513
0.00012551
0.00006521
0.00000967
-0.00001462
-0.00001213
0.00000735
0.00004637
0.00010202
0.00016406
0.00018862
0.00017224
0.00013621
0.00008425
0.00002182
-0.00003458
-0.00005702
-0.00005128
-0.00002488
0.00001717
0.00007265
0.00012742
0.00014197
0.00012486
0.00008671
0.00003748
-0.00001962
-0.00006439
-0.00007764
-0.00006984
-0.00003907
0.00000628
0.00006612
0.00011347
0.00011559
0.00009012
0.00004440
-0.00001353
-0.00007641
-0.00012185
-0.00013243
-0.00012256
-0.00009417
-0.00005128
0.00000659
0.00003940
0.00002488
-0.00000518
