0.00000827
-0.00000774
-0.00004265
-0.00008690
-0.00014406
-0.00022749
-0.00035771
-0.00053462
-0.00073521
-0.00092214
-0.00109808
-0.00126536
-0.00142567
-0.00153580
-0.00154673
-0.00151460
-0.00147444
-0.00143517
-0.00136471
-0.00124937
-0.00109365
-0.00091769
-0.00072548
-0.00055477
-0.00042945
-0.00032610
-0.00023847
-0.00016052
-0.00008565
0.00001501
0.00013516
0.00022969
0.00023943
0.00016015
0.00002549
-0.00014897
-0.00033954
-0.00051394
-0.00065632
-0.00078149
-0.00088297
-0.00094741
-0.00100003
-0.00104352
-0.00107424
-0.00108546
-0.00108387
-0.00110163
-0.00113763
-0.00118105
-0.00122821
-0.00128720
-0.00133956
-0.00134365
-0.00130461
-0.00122696
-0.00112379
-0.00100961
-0.00090770
-0.00086362
-0.00086560
-0.00089764
-0.00094566
-0.00099983
-0.00103524
-0.00103298
-0.00100803
-0.00096420
-0.00090500
-0.00082877
-0.00076747
-0.00075493
-0.00077380
-0.00081545
-0.00086641
-0.00091774
-0.00094459
-0.00093151
-0.00089509
-0.00083824
-0.00076628
-0.00068310
-0.00062621
-0.00062093
-0.00064465
-0.00069178
-0.00075702
-0.00082930
-0.00087700
-0.00089487
-0.00089396
-0.00087263
-0.00083281
-0.00077698
-0.00074848
-0.00076428
-0.00080406
-0.00086060
-0.00092531
-0.00098857
-0.00102268
-0.00102515
-0.00100291
-0.00095491
-0.00088749
-0.00081504
-0.00078339
-0.00079037
-0.00081839
-0.00086180
-0.00091022
-0.00094882
-0.00095370
-0.00093596
-0.00089875
-0.00084846
-0.00078811
-0.00073531
-0.00072989
-0.00075453
-0.00079345
-0.00083930
-0.00089147
-0.00092756
-0.00092711
-0.00090190
-0.00085438
-0.00078995
-0.00070765
-0.00064024
-0.00062044
-0.00063083
-0.00066157
-0.00070445
-0.00075131
-0.00077879
-0.00077194
-0.00074431
-0.00069742
-0.00063942
-0.00057170
-0.00053249
-0.00054189
-0.00057552
-0.00062518
-0.00068427
-0.00074206
-0.00077175
-0.00076768
-0.00074486
-0.00070202
-0.00064370
-0.00057262
-0.00053433
-0.00053902
-0.00056527
-0.00060609
-0.00065469
-0.00069827
-0.00071226
-0.00069716
-0.00066197
-0.00060953
-0.00054431
-0.00047943
-0.00045588
-0.00047453
-0.00051447
-0.00057062
-0.00063558
-0.00069084
-0.00071048
-0.00070366
-0.00067476
-0.00062709
-0.00056102
-0.00049734
-0.00047706
-0.00048828
-0.00051856
-0.00055973
-0.00060599
-0.00063858
-0.00063702
-0.00061289
-0.00056865
-0.00050897
-0.00043565
-0.00037595
-0.00036296
-0.00038026
-0.00041711
-0.00046738
-0.00052701
-0.00056529
-0.00057242
-0.00055851
-0.00052381
-0.00047498
-0.00041335
-0.00037357
-0.00037905
-0.00040884
-0.00045628
-0.00051318
-0.00057174
-0.00060201
-0.00060182
-0.00058187
-0.00054227
-0.00048810
-0.00042201
-0.00038898
-0.00039987
-0.00043196
-0.00047781
-0.00053306
-0.00058579
-0.00060781
-0.00060106
-0.00057637
-0.00053346
-0.00047518
-0.00041472
-0.00039292
-0.00040721
-0.00044308
-0.00049343
-0.00055175
-0.00060199
-0.00061820
-0.00061001
-0.00058276
-0.00053894
-0.00048010
-0.00042508
-0.00041375
-0.00043813
-0.00048120
-0.00053482
-0.00059452
-0.00064061
-0.00065427
-0.00064509
-0.00061555
-0.00056797
-0.00050499
-0.00045683
-0.00045595
-0.00048358
-0.00052765
-0.00058271
-0.00064561
-0.00068751
-0.00069353
-0.00067750
-0.00064270
-0.00059224
-0.00052953
-0.00049091
-0.00049768
-0.00052829
-0.00057719
-0.00063462
-0.00069431
-0.00072772
-0.00073057
-0.00071296
-0.00067649
-0.00062439
-0.00056118
-0.00052867
-0.00053806
-0.00056782
-0.00061128
-0.00066360
-0.00071612
-0.00073669
-0.00072839
-0.00069975
-0.00065006
-0.00058477
-0.00051659
-0.00048839
-0.00049872
-0.00052861
-0.00057367
-0.00062931
-0.00067685
-0.00069240
-0.00068309
-0.00065507
-0.00061000
-0.00054856
-0.00049242
-0.00048168
-0.00050368
-0.00054417
-0.00059783
-0.00065837
-0.00070445
-0.00071801
-0.00070955
-0.00068086
-0.00063795
-0.00057904
-0.00053275
-0.00053307
-0.00055862
-0.00060166
-0.00065745
-0.00071667
-0.00075731
-0.00076191
-0.00074580
-0.00071038
-0.00065933
-0.00059370
-0.00055033
-0.00055304
-0.00057916
-0.00062224
-0.00067436
-0.00072797
-0.00075414
-0.00075176
-0.00073126
-0.00069146
-0.00063543
-0.00057058
-0.00053633
-0.00054566
-0.00057591
-0.00061969
-0.00067386
-0.00072770
-0.00075034
-0.00074409
-0.00071637
-0.00066952
-0.00060942
-0.00054845
-0.00052629
-0.00054202
-0.00057778
-0.00062586
-0.00068247
-0.00073133
-0.00074840
-0.00074268
-0.00071614
-0.00067106
-0.00061098
-0.00055435
-0.00054113
-0.00056052
-0.00060048
-0.00065385
-0.00071297
-0.00075649
-0.00076573
-0.00075151
-0.00071853
-0.00066754
-0.00059801
-0.00054130
-0.00053085
-0.00055067
-0.00058945
-0.00063725
-0.00069078
-0.00072352
-0.00072253
-0.00069920
-0.00065670
-0.00059897
-0.00052697
-0.00047913
-0.00047739
-0.00050004
-0.00053913
-0.00058754
-0.00064039
-0.00066570
-0.00065961
-0.00063436
-0.00059349
-0.00053787
-0.00046977
-0.00043497
-0.00044469
-0.00047728
-0.00052405
-0.00057982
-0.00063427
-0.00065741
-0.00065424
-0.00063046
-0.00058808
-0.00053061
-0.00046945
-0.00044991
-0.00046592
-0.00050369
-0.00055288
-0.00060911
-0.00065806
-0.00067343
-0.00066612
-0.00063917
-0.00059338
-0.00053235
-0.00047501
-0.00046193
-0.00048078
-0.00051827
-0.00056702
-0.00062411
-0.00066543
-0.00067156
-0.00065464
-0.00061765
-0.00056765
-0.00050102
-0.00044757
-0.00044011
-0.00046167
-0.00050148
-0.00055083
-0.00060566
-0.00063807
-0.00063642
-0.00061500
-0.00057364
-0.00051672
-0.00044771
-0.00040132
-0.00039997
-0.00042346
-0.00046450
-0.00051424
-0.00056680
-0.00059219
-0.00058821
-0.00056528
-0.00052020
-0.00046120
-0.00039170
-0.00035336
-0.00035746
-0.00038473
-0.00042802
-0.00047935
-0.00052946
-0.00054758
-0.00053768
-0.00050774
-0.00046066
-0.00039712
-0.00032916
-0.00030086
-0.00031168
-0.00034266
-0.00038505
-0.00043628
-0.00048055
-0.00049210
-0.00047860
-0.00044445
-0.00039338
-0.00032562
-0.00026252
-0.00024343
-0.00025661
-0.00028948
-0.00033565
-0.00038547
-0.00041985
-0.00042110
-0.00040063
-0.00036165
-0.00030564
-0.00023341
-0.00017494
-0.00016520
-0.00018490
-0.00022326
-0.00026958
-0.00031920
-0.00035056
-0.00034858
-0.00032488
-0.00028089
-0.00022232
-0.00014898
-0.00010160
-0.00009932
-0.00012104
-0.00016343
-0.00021461
-0.00026536
-0.00028917
-0.00028218
-0.00025624
-0.00021354
-0.00015511
-0.00008691
-0.00004910
-0.00005500
-0.00008330
-0.00012629
-0.00017835
-0.00022963
-0.00024945
-0.00024103
-0.00021344
-0.00016679
-0.00010540
-0.00004073
-0.00001449
-0.00002698
-0.00006077
-0.00010685
-0.00016191
-0.00020796
-0.00021634
-0.00019981
-0.00016285
-0.00010810
-0.00004085
0.00002220
0.00003997
0.00002665
0.00000254
