-0.00002107
-0.00011794
-0.00025555
-0.00038136
-0.00048661
-0.00061676
-0.00084298
-0.00115369
-0.00141809
-0.00154646
-0.00156742
-0.00155594
-0.00164892
-0.00178049
-0.00179907
-0.00174388
-0.00168184
-0.00162373
-0.00154721
-0.00143374
-0.00129553
-0.00113716
-0.00096255
-0.00077053
-0.00059507
-0.00046524
-0.00035956
-0.00027151
-0.00019490
-0.00013444
-0.00011239
-0.00016142
-0.00028406
-0.00044095
-0.00058330
-0.00068357
-0.00077722
-0.00088923
-0.00099593
-0.00109776
-0.00120578
-0.00132863
-0.00142580
-0.00149298
-0.00153783
-0.00155493
-0.00155115
-0.00153599
-0.00155335
-0.00160030
-0.00164900
-0.00169420
-0.00173019
-0.00175319
-0.00173275
-0.00168173
-0.00160613
-0.00151431
-0.00141454
-0.00131966
-0.00127486
-0.00127334
-0.00129729
-0.00133896
-0.00139248
-0.00143281
-0.00143355
-0.00140922
-0.00136466
-0.00130216
-0.00122680
-0.00116159
-0.00114332
-0.00115372
-0.00118053
-0.00121938
-0.00126302
-0.00128790
-0.00127526
-0.00123923
-0.00118169
-0.00110968
-0.00102898
-0.00097350
-0.00097100
-0.00099841
-0.00104449
-0.00110163
-0.00116508
-0.00120347
-0.00120507
-0.00118275
-0.00113684
-0.00107272
-0.00099867
-0.00095905
-0.00096993
-0.00100477
-0.00105302
-0.00110873
-0.00116186
-0.00118174
-0.00116797
-0.00113360
-0.00107953
-0.00100765
-0.00092750
-0.00088805
-0.00088582
-0.00090455
-0.00093981
-0.00098723
-0.00103286
-0.00104911
-0.00104297
-0.00101882
-0.00098087
-0.00092871
-0.00087837
-0.00087263
-0.00090322
-0.00095328
-0.00101006
-0.00106662
-0.00110501
-0.00110554
-0.00108212
-0.00103798
-0.00097949
-0.00090639
-0.00084545
-0.00083148
-0.00084604
-0.00087760
-0.00092019
-0.00096701
-0.00099281
-0.00098676
-0.00096227
-0.00092125
-0.00086710
-0.00080204
-0.00076066
-0.00076711
-0.00079804
-0.00084414
-0.00089938
-0.00095708
-0.00098663
-0.00098327
-0.00095940
-0.00091695
-0.00085963
-0.00079177
-0.00075690
-0.00076489
-0.00079385
-0.00083725
-0.00088877
-0.00093888
-0.00095852
-0.00095294
-0.00092926
-0.00088852
-0.00083650
-0.00078200
-0.00076952
-0.00079853
-0.00084864
-0.00091206
-0.00098154
-0.00104156
-0.00106780
-0.00106521
-0.00103902
-0.00099409
-0.00093007
-0.00087113
-0.00085595
-0.00087190
-0.00090582
-0.00094870
-0.00099936
-0.00103702
-0.00103955
-0.00102200
-0.00098398
-0.00093112
-0.00086154
-0.00081007
-0.00080680
-0.00083061
-0.00087233
-0.00092546
-0.00098277
-0.00101809
-0.00102085
-0.00100369
-0.00096527
-0.00091213
-0.00084774
-0.00080940
-0.00081721
-0.00084754
-0.00089367
-0.00094771
-0.00100426
-0.00103175
-0.00102772
-0.00100508
-0.00096380
-0.00090684
-0.00084304
-0.00081756
-0.00083583
-0.00087549
-0.00092739
-0.00099090
-0.00104919
-0.00107487
-0.00107247
-0.00104936
-0.00100861
-0.00095152
-0.00089449
-0.00088078
-0.00090174
-0.00094239
-0.00099478
-0.00105081
-0.00109507
-0.00110537
-0.00109265
-0.00106189
-0.00101438
-0.00094983
-0.00089479
-0.00088623
-0.00090820
-0.00094817
-0.00099721
-0.00104917
-0.00108436
-0.00108364
-0.00106240
-0.00102346
-0.00096896
-0.00090145
-0.00085410
-0.00085528
-0.00088314
-0.00092635
-0.00097728
-0.00103347
-0.00106565
-0.00106372
-0.00104504
-0.00100738
-0.00095780
-0.00089885
-0.00086783
-0.00087913
-0.00091461
-0.00096631
-0.00102681
-0.00108876
-0.00112129
-0.00112640
-0.00110924
-0.00107191
-0.00101883
-0.00096086
-0.00093945
-0.00095742
-0.00099632
-0.00104561
-0.00110319
-0.00115485
-0.00117435
-0.00116738
-0.00113741
-0.00109049
-0.00102965
-0.00097512
-0.00096543
-0.00098611
-0.00102356
-0.00107306
-0.00113333
-0.00118116
-0.00119318
-0.00118391
-0.00115457
-0.00110801
-0.00104620
-0.00099417
-0.00098760
-0.00100899
-0.00105059
-0.00109892
-0.00115353
-0.00119091
-0.00119355
-0.00117576
-0.00113766
-0.00108480
-0.00101894
-0.00097663
-0.00097920
-0.00100742
-0.00105321
-0.00110785
-0.00116572
-0.00119670
-0.00119554
-0.00117650
-0.00113936
-0.00108616
-0.00102264
-0.00099228
-0.00100420
-0.00103663
-0.00108516
-0.00114427
-0.00120024
-0.00122306
-0.00121674
-0.00119066
-0.00114884
-0.00109004
-0.00102606
-0.00100432
-0.00101838
-0.00105093
-0.00109499
-0.00114790
-0.00119208
-0.00120028
-0.00118401
-0.00114496
-0.00109032
-0.00101953
-0.00095684
-0.00094042
-0.00095593
-0.00098889
-0.00103167
-0.00108101
-0.00111356
-0.00111307
-0.00109040
-0.00104770
-0.00098907
-0.00091622
-0.00085990
-0.00085200
-0.00087188
-0.00091062
-0.00095852
-0.00101023
-0.00103995
-0.00103767
-0.00101538
-0.00097370
-0.00091691
-0.00084884
-0.00080845
-0.00081439
-0.00084487
-0.00088742
-0.00093997
-0.00099521
-0.00101969
-0.00101523
-0.00099104
-0.00094724
-0.00088757
-0.00082054
-0.00078925
-0.00079866
-0.00082928
-0.00087392
-0.00092725
-0.00097650
-0.00099228
-0.00098185
-0.00095149
-0.00090381
-0.00084201
-0.00078064
-0.00075691
-0.00077176
-0.00080577
-0.00085194
-0.00090694
-0.00095052
-0.00095875
-0.00094339
-0.00090786
-0.00085834
-0.00079200
-0.00073521
-0.00072554
-0.00074322
-0.00077916
-0.00082571
-0.00087830
-0.00091184
-0.00091049
-0.00088733
-0.00084461
-0.00078750
-0.00071833
-0.00066885
-0.00066560
-0.00068466
-0.00072108
-0.00076795
-0.00081783
-0.00084447
-0.00083975
-0.00081664
-0.00077451
-0.00071471
-0.00064471
-0.00060658
-0.00061079
-0.00063595
-0.00067648
-0.00072628
-0.00077467
-0.00079200
-0.00077952
-0.00074868
-0.00070121
-0.00063742
-0.00056904
-0.00053998
-0.00055030
-0.00057974
-0.00062119
-0.00066999
-0.00071089
-0.00071907
-0.00070127
-0.00066352
-0.00060795
-0.00053743
-0.00047151
-0.00045029
-0.00046223
-0.00049264
-0.00053377
-0.00058379
-0.00062019
-0.00062034
-0.00059814
-0.00055649
-0.00049834
-0.00042783
-0.00037055
-0.00035845
-0.00037529
-0.00041054
-0.00045606
-0.00050640
-0.00053551
-0.00053307
-0.00050817
-0.00046060
-0.00040055
-0.00032933
-0.00028532
-0.00028557
-0.00030922
-0.00034920
-0.00039772
-0.00044704
-0.00046691
-0.00045505
-0.00042866
-0.00038594
-0.00032721
-0.00025809
-0.00022505
-0.00023433
-0.00026570
-0.00031219
-0.00036491
-0.00041458
-0.00043379
-0.00042428
-0.00039287
-0.00034372
-0.00027806
-0.00021264
-0.00018709
-0.00019690
-0.00022753
-0.00026947
-0.00031854
-0.00035724
-0.00036394
-0.00034660
-0.00030805
-0.00025185
-0.00017891
-0.00011493
-0.00009686
-0.00011085
-0.00014205
-0.00018605
-0.00023699
-0.00026906
-0.00026775
-0.00024442
-0.00020120
-0.00014277
-0.00007149
-0.00002018
-0.00001778
-0.00003718
-0.00007649
-0.00012692
-0.00018186
-0.00021075
-0.00020568
-0.00018252
-0.00013997
-0.00008069
-0.00000912
0.00003287
0.00002704
0.00000562
