0.00003494
0.00009271
0.00013313
0.00012703
0.00009162
0.00003205
-0.00009236
-0.00030342
-0.00055253
-0.00080160
-0.00108206
-0.00133573
-0.00162058
-0.00189210
-0.00204472
-0.00208875
-0.00204416
-0.00198850
-0.00193253
-0.00187512
-0.00178401
-0.00166454
-0.00152519
-0.00136761
-0.00119218
-0.00100964
-0.00086317
-0.00075525
-0.00066299
-0.00058547
-0.00051770
-0.00045723
-0.00043159
-0.00049410
-0.00063092
-0.00079563
-0.00095937
-0.00110757
-0.00124698
-0.00137367
-0.00147951
-0.00159330
-0.00172956
-0.00183815
-0.00189724
-0.00192061
-0.00192703
-0.00191768
-0.00189228
-0.00186880
-0.00188071
-0.00191382
-0.00195489
-0.00199667
-0.00203457
-0.00203461
-0.00198411
-0.00190559
-0.00180595
-0.00169636
-0.00158384
-0.00150494
-0.00148749
-0.00150625
-0.00154804
-0.00160206
-0.00165615
-0.00167894
-0.00166624
-0.00162982
-0.00156890
-0.00149190
-0.00140558
-0.00134987
-0.00134199
-0.00135954
-0.00139692
-0.00144568
-0.00149015
-0.00150017
-0.00147945
-0.00143651
-0.00137579
-0.00129863
-0.00121586
-0.00117981
-0.00118971
-0.00122571
-0.00128140
-0.00134863
-0.00140944
-0.00143573
-0.00143414
-0.00140848
-0.00136184
-0.00129814
-0.00123610
-0.00122216
-0.00124397
-0.00128574
-0.00133624
-0.00139173
-0.00142894
-0.00142428
-0.00139321
-0.00133972
-0.00127220
-0.00119039
-0.00112093
-0.00109937
-0.00110505
-0.00112620
-0.00116082
-0.00120306
-0.00122580
-0.00121955
-0.00119753
-0.00115773
-0.00110377
-0.00103960
-0.00100024
-0.00100232
-0.00102575
-0.00106338
-0.00110683
-0.00114697
-0.00115470
-0.00112624
-0.00107860
-0.00101514
-0.00093994
-0.00085924
-0.00081477
-0.00081333
-0.00083369
-0.00086713
-0.00090662
-0.00094189
-0.00094556
-0.00092381
-0.00088711
-0.00083701
-0.00077572
-0.00071387
-0.00069448
-0.00071465
-0.00075434
-0.00080582
-0.00086365
-0.00090904
-0.00091677
-0.00089932
-0.00086151
-0.00080616
-0.00073569
-0.00067015
-0.00064930
-0.00065912
-0.00068796
-0.00073240
-0.00078201
-0.00081485
-0.00081508
-0.00079531
-0.00075880
-0.00071033
-0.00064746
-0.00060191
-0.00060680
-0.00064233
-0.00069724
-0.00076011
-0.00082360
-0.00086266
-0.00086777
-0.00085125
-0.00081075
-0.00075176
-0.00067928
-0.00063285
-0.00063220
-0.00065328
-0.00068881
-0.00073363
-0.00077659
-0.00079011
-0.00077482
-0.00074044
-0.00068865
-0.00062609
-0.00055609
-0.00052257
-0.00053165
-0.00056372
-0.00061116
-0.00066539
-0.00071699
-0.00073656
-0.00072992
-0.00070416
-0.00065914
-0.00059704
-0.00053563
-0.00051765
-0.00053290
-0.00056990
-0.00062050
-0.00067610
-0.00072048
-0.00072714
-0.00071121
-0.00067497
-0.00062013
-0.00055034
-0.00048912
-0.00047545
-0.00049162
-0.00052737
-0.00057232
-0.00062198
-0.00065376
-0.00065276
-0.00063004
-0.00058609
-0.00052650
-0.00045409
-0.00040232
-0.00039604
-0.00041339
-0.00044810
-0.00049389
-0.00054278
-0.00056570
-0.00055612
-0.00052809
-0.00048298
-0.00042380
-0.00035336
-0.00031399
-0.00032057
-0.00034820
-0.00039163
-0.00044273
-0.00049267
-0.00051313
-0.00050333
-0.00047506
-0.00042889
-0.00037033
-0.00030599
-0.00028076
-0.00029312
-0.00032609
-0.00037432
-0.00043089
-0.00048237
-0.00050333
-0.00049738
-0.00047106
-0.00042942
-0.00037471
-0.00032150
-0.00030991
-0.00033076
-0.00036968
-0.00042128
-0.00047998
-0.00052725
-0.00053814
-0.00052683
-0.00049677
-0.00045022
-0.00038426
-0.00032883
-0.00032141
-0.00034188
-0.00037837
-0.00042456
-0.00047662
-0.00050686
-0.00050295
-0.00047638
-0.00043169
-0.00037340
-0.00030189
-0.00025181
-0.00024621
-0.00026528
-0.00030273
-0.00035262
-0.00040699
-0.00043478
-0.00043107
-0.00040871
-0.00036616
-0.00030806
-0.00023678
-0.00019871
-0.00020318
-0.00023103
-0.00027434
-0.00032395
-0.00037200
-0.00038721
-0.00037333
-0.00033907
-0.00028819
-0.00021972
-0.00014814
-0.00011983
-0.00012883
-0.00015676
-0.00019775
-0.00024749
-0.00029082
-0.00029992
-0.00028330
-0.00024611
-0.00019311
-0.00012442
-0.00006119
-0.00004415
-0.00005693
-0.00008846
-0.00013258
-0.00018219
-0.00021876
-0.00022320
-0.00020246
-0.00015964
-0.00010146
-0.00002996
0.00002560
0.00003153
0.00000968
-0.00002787
-0.00007606
-0.00012908
-0.00016052
-0.00016110
-0.00014147
-0.00010013
-0.00004321
0.00002423
0.00006359
0.00005673
0.00002701
-0.00001906
-0.00007471
-0.00013346
-0.00016370
-0.00016370
-0.00014164
-0.00010070
-0.00004461
0.00002016
0.00004597
0.00002882
-0.00000790
-0.00005651
-0.00011127
-0.00016507
-0.00018655
-0.00018179
-0.00015558
-0.00010893
-0.00004736
0.00001461
0.00003260
0.00001672
-0.00001857
-0.00006733
-0.00012278
-0.00016786
-0.00017864
-0.00016726
-0.00013448
-0.00008304
-0.00001481
0.00004429
0.00005598
0.00003725
0.00000284
-0.00004315
-0.00009743
-0.00013327
-0.00013526
-0.00011468
-0.00007442
-0.00001946
0.00004946
0.00010120
0.00010758
0.00008631
0.00004688
-0.00000428
-0.00005924
-0.00008978
-0.00008943
-0.00006927
-0.00002798
0.00002668
0.00009108
0.00012810
0.00012096
0.00009090
0.00004467
-0.00000951
-0.00006112
-0.00008187
-0.00007669
-0.00005036
-0.00000302
0.00005915
0.00012530
0.00015560
0.00014476
0.00011309
0.00007027
0.00001646
-0.00003032
-0.00004434
-0.00003281
-0.00000166
0.00004608
0.00010829
0.00016920
0.00018501
0.00016770
0.00013301
0.00008635
0.00003144
-0.00001219
-0.00002033
-0.00000545
0.00002913
0.00007937
0.00014442
0.00019557
0.00019897
0.00017697
0.00013641
0.00008240
0.00002218
-0.00001607
-0.00002159
-0.00000740
0.00002742
0.00007723
0.00013937
0.00018121
0.00017629
0.00014423
0.00009599
0.00004048
-0.00001812
-0.00005190
-0.00005180
-0.00003456
0.00000242
0.00005474
0.00011550
0.00014422
0.00013052
0.00009309
0.00004105
-0.00001955
-0.00007847
-0.00010495
-0.00010196
-0.00007992
-0.00003915
0.00001807
0.00007812
0.00009760
0.00007953
0.00004207
-0.00000800
-0.00006541
-0.00011439
-0.00012988
-0.00012123
-0.00009305
-0.00004793
0.00001555
0.00007381
0.00008477
0.00006458
0.00002634
-0.00002329
-0.00008148
-0.00012233
-0.00012826
-0.00011287
-0.00007776
-0.00002742
0.00003836
0.00009115
0.00009429
0.00007024
0.00002861
-0.00002386
-0.00008149
-0.00011843
-0.00011967
-0.00010218
-0.00006620
-0.00001492
0.00005062
0.00009248
0.00008997
0.00006057
0.00001241
-0.00004555
-0.00010509
-0.00013814
-0.00014083
-0.00012235
-0.00008664
-0.00003717
0.00002216
0.00004584
0.00002911
-0.00000798
-0.00005857
-0.00011654
-0.00017361
-0.00019883
-0.00019630
-0.00017484
-0.00013621
-0.00008180
-0.00002616
-0.00000779
