-0.00004830
-0.00011298
-0.00018041
-0.00024606
-0.00032579
-0.00042983
-0.00056547
-0.00075077
-0.00097683
-0.00122695
-0.00144709
-0.00157685
-0.00159448
-0.00155495
-0.00149577
-0.00141774
-0.00134795
-0.00128320
-0.00119817
-0.00107041
-0.00092404
-0.00080789
-0.00071255
-0.00063304
-0.00056244
-0.00049604
-0.00041471
-0.00029718
-0.00015982
-0.00000905
0.00012676
0.00021405
0.00020435
0.00007116
-0.00012870
-0.00034912
-0.00054500
-0.00072201
-0.00084046
-0.00089457
-0.00090455
-0.00089604
-0.00088650
-0.00087410
-0.00089494
-0.00096455
-0.00106008
-0.00116149
-0.00126019
-0.00134881
-0.00140401
-0.00141999
-0.00139745
-0.00133502
-0.00124368
-0.00113623
-0.00106047
-0.00103333
-0.00103787
-0.00107007
-0.00112460
-0.00118363
-0.00121286
-0.00121208
-0.00118752
-0.00114194
-0.00107675
-0.00100549
-0.00097162
-0.00097529
-0.00099971
-0.00104301
-0.00110134
-0.00115666
-0.00117739
-0.00116643
-0.00112905
-0.00106868
-0.00099027
-0.00091318
-0.00087937
-0.00088360
-0.00091264
-0.00096065
-0.00101841
-0.00106638
-0.00108106
-0.00107466
-0.00105062
-0.00101058
-0.00095401
-0.00090286
-0.00089611
-0.00091638
-0.00095168
-0.00099682
-0.00104935
-0.00108939
-0.00110046
-0.00109335
-0.00106487
-0.00101568
-0.00094606
-0.00088990
-0.00088042
-0.00089754
-0.00093307
-0.00098005
-0.00103133
-0.00105720
-0.00104793
-0.00102000
-0.00097643
-0.00092382
-0.00086432
-0.00083481
-0.00085439
-0.00089580
-0.00094968
-0.00100715
-0.00106194
-0.00108661
-0.00108009
-0.00105454
-0.00100807
-0.00094276
-0.00086769
-0.00082488
-0.00082460
-0.00084563
-0.00088183
-0.00092844
-0.00097365
-0.00098656
-0.00096924
-0.00093123
-0.00087652
-0.00080762
-0.00073769
-0.00071450
-0.00073096
-0.00076983
-0.00082392
-0.00088804
-0.00094522
-0.00096500
-0.00095609
-0.00092747
-0.00088163
-0.00081843
-0.00075752
-0.00073940
-0.00075904
-0.00079712
-0.00084309
-0.00089993
-0.00094586
-0.00095855
-0.00094758
-0.00091606
-0.00086606
-0.00079904
-0.00074298
-0.00073506
-0.00075877
-0.00080571
-0.00086455
-0.00093024
-0.00097852
-0.00099255
-0.00098071
-0.00094670
-0.00089827
-0.00083297
-0.00078409
-0.00078120
-0.00080382
-0.00083936
-0.00088527
-0.00093419
-0.00095675
-0.00094858
-0.00092026
-0.00087290
-0.00080904
-0.00073240
-0.00068596
-0.00068766
-0.00071190
-0.00075334
-0.00080539
-0.00085940
-0.00088520
-0.00088163
-0.00086047
-0.00082114
-0.00076662
-0.00070378
-0.00067299
-0.00068611
-0.00072143
-0.00077197
-0.00083078
-0.00088389
-0.00090369
-0.00089760
-0.00087259
-0.00082957
-0.00076900
-0.00070698
-0.00068738
-0.00070399
-0.00073812
-0.00078480
-0.00083894
-0.00088565
-0.00090126
-0.00089230
-0.00086454
-0.00081950
-0.00076005
-0.00070642
-0.00069686
-0.00071687
-0.00075514
-0.00080429
-0.00086014
-0.00090014
-0.00090441
-0.00088392
-0.00084394
-0.00078832
-0.00071830
-0.00066270
-0.00065177
-0.00066801
-0.00070418
-0.00075096
-0.00080253
-0.00083418
-0.00083299
-0.00081257
-0.00077265
-0.00071541
-0.00064150
-0.00058879
-0.00058232
-0.00060353
-0.00063995
-0.00068787
-0.00073975
-0.00076683
-0.00076202
-0.00073759
-0.00069647
-0.00063931
-0.00057047
-0.00053296
-0.00053932
-0.00056779
-0.00061011
-0.00065783
-0.00070563
-0.00072757
-0.00072241
-0.00069739
-0.00065324
-0.00059395
-0.00053004
-0.00050120
-0.00050957
-0.00054001
-0.00058338
-0.00063407
-0.00068043
-0.00069271
-0.00067804
-0.00064617
-0.00059693
-0.00052956
-0.00046316
-0.00044071
-0.00045179
-0.00048183
-0.00052493
-0.00057458
-0.00061555
-0.00062398
-0.00060857
-0.00057513
-0.00052402
-0.00045866
-0.00040127
-0.00038964
-0.00040980
-0.00044521
-0.00049179
-0.00054483
-0.00058313
-0.00058874
-0.00057244
-0.00053544
-0.00048377
-0.00041698
-0.00036531
-0.00035740
-0.00037581
-0.00041319
-0.00045852
-0.00050800
-0.00053867
-0.00054089
-0.00052300
-0.00048519
-0.00043244
-0.00036545
-0.00032260
-0.00032455
-0.00034988
-0.00039073
-0.00044164
-0.00049462
-0.00052111
-0.00051526
-0.00048968
-0.00044517
-0.00038636
-0.00031747
-0.00028093
-0.00028625
-0.00031035
-0.00034983
-0.00039604
-0.00043783
-0.00045026
-0.00043948
-0.00041004
-0.00036297
-0.00029980
-0.00023010
-0.00019891
-0.00020653
-0.00023403
-0.00027432
-0.00032303
-0.00036565
-0.00037413
-0.00035829
-0.00032340
-0.00027371
-0.00020708
-0.00014303
-0.00011960
-0.00012878
-0.00015739
-0.00019816
-0.00024596
-0.00028107
-0.00028388
-0.00026365
-0.00022321
-0.00016481
-0.00009062
-0.00002644
-0.00000885
-0.00002144
-0.00005188
-0.00009416
-0.00014240
-0.00017206
-0.00016771
-0.00014327
-0.00009897
-0.00004038
0.00003244
0.00008621
0.00009263
0.00007349
0.00003680
-0.00000874
-0.00005736
-0.00008273
-0.00007735
-0.00005261
-0.00000899
0.00004991
0.00011939
0.00016262
0.00016213
0.00013779
0.00009736
0.00004910
0.00000006
-0.00002105
-0.00001220
0.00001432
0.00006158
0.00012463
0.00019452
0.00022727
0.00022019
0.00019544
0.00015856
0.00011142
0.00006621
0.00005473
0.00006936
0.00010244
0.00015293
0.00021869
0.00028711
0.00031428
0.00030527
0.00027658
0.00023155
0.00018029
0.00013852
0.00012904
0.00014192
0.00017307
0.00022096
0.00028449
0.00034443
0.00036065
0.00034380
0.00030845
0.00026067
0.00020606
0.00016806
0.00016355
0.00017906
0.00021257
0.00026113
0.00032480
0.00037493
0.00038084
0.00036136
0.00032409
0.00027674
0.00022170
0.00018781
0.00019081
0.00021308
0.00025344
0.00030783
0.00037615
0.00042221
0.00042361
0.00040213
0.00036558
0.00031952
0.00027028
0.00024491
0.00025121
0.00027724
0.00032026
0.00037833
0.00044700
0.00048432
0.00047896
0.00045145
0.00040965
0.00035878
0.00030583
0.00028197
0.00028730
0.00031203
0.00035370
0.00040958
0.00047094
0.00049512
0.00047892
0.00044101
0.00039070
0.00033262
0.00027899
0.00025630
0.00025992
0.00028079
0.00031787
0.00037093
0.00042293
0.00043334
0.00040986
0.00036700
0.00031114
0.00025045
0.00020031
0.00018262
0.00018963
0.00021497
0.00025705
0.00031393
0.00036498
0.00037261
0.00034640
0.00030356
0.00025163
0.00019295
0.00014966
0.00013927
0.00014904
0.00017820
0.00022592
0.00028801
0.00033342
0.00033077
0.00030154
0.00025571
0.00019771
0.00013417
0.00009302
0.00008199
0.00009307
0.00012490
0.00016963
0.00022689
0.00026104
0.00025192
0.00021868
0.00016741
0.00010584
0.00004205
0.00000702
0.00000197
0.00001477
0.00004578
0.00009174
0.00014998
0.00017608
0.00015934
0.00012086
0.00006911
0.00001954
