-0.00016024
-0.00033565
-0.00046275
-0.00051716
-0.00051036
-0.00048916
-0.00052642
-0.00066579
-0.00087249
-0.00110875
-0.00132531
-0.00148541
-0.00163264
-0.00178598
-0.00189509
-0.00190919
-0.00182853
-0.00171248
-0.00156439
-0.00139684
-0.00121422
-0.00106655
-0.00096094
-0.00087433
-0.00079740
-0.00072861
-0.00065558
-0.00055190
-0.00042348
-0.00029256
-0.00021842
-0.00024336
-0.00036164
-0.00058972
-0.00088314
-0.00117226
-0.00142161
-0.00161328
-0.00175469
-0.00184347
-0.00189747
-0.00192938
-0.00194239
-0.00194186
-0.00193898
-0.00197617
-0.00204043
-0.00211754
-0.00220495
-0.00228850
-0.00233752
-0.00233535
-0.00229836
-0.00222995
-0.00213333
-0.00201321
-0.00190833
-0.00185256
-0.00182757
-0.00182894
-0.00184730
-0.00187770
-0.00189572
-0.00188880
-0.00186696
-0.00182411
-0.00176156
-0.00168295
-0.00162843
-0.00161700
-0.00163105
-0.00166124
-0.00169988
-0.00174185
-0.00175108
-0.00172470
-0.00167364
-0.00160257
-0.00151648
-0.00142241
-0.00136811
-0.00135975
-0.00137701
-0.00141403
-0.00146484
-0.00151420
-0.00153439
-0.00152800
-0.00149830
-0.00145186
-0.00138955
-0.00132384
-0.00129848
-0.00130740
-0.00133474
-0.00137928
-0.00143921
-0.00149275
-0.00151223
-0.00150571
-0.00147488
-0.00142257
-0.00134535
-0.00127320
-0.00124753
-0.00124927
-0.00126865
-0.00129901
-0.00133525
-0.00135150
-0.00133412
-0.00129812
-0.00124599
-0.00118569
-0.00111898
-0.00107718
-0.00108474
-0.00111741
-0.00116517
-0.00122252
-0.00128182
-0.00131580
-0.00131578
-0.00129071
-0.00123972
-0.00117292
-0.00109209
-0.00103553
-0.00102446
-0.00103954
-0.00107062
-0.00111143
-0.00115099
-0.00115937
-0.00113881
-0.00109899
-0.00104315
-0.00097432
-0.00090526
-0.00087771
-0.00088955
-0.00092212
-0.00096958
-0.00102457
-0.00107180
-0.00108596
-0.00107601
-0.00104756
-0.00100176
-0.00094170
-0.00088173
-0.00086630
-0.00088304
-0.00091836
-0.00096347
-0.00101473
-0.00105061
-0.00105010
-0.00102545
-0.00098014
-0.00091851
-0.00084180
-0.00078185
-0.00077144
-0.00079455
-0.00083566
-0.00088933
-0.00095174
-0.00099327
-0.00100268
-0.00099099
-0.00095854
-0.00090909
-0.00084316
-0.00079854
-0.00079812
-0.00082006
-0.00085617
-0.00090066
-0.00094636
-0.00096655
-0.00095592
-0.00092691
-0.00088139
-0.00082264
-0.00075623
-0.00072589
-0.00073855
-0.00077187
-0.00081978
-0.00087541
-0.00093010
-0.00095297
-0.00094998
-0.00092788
-0.00088668
-0.00083097
-0.00077588
-0.00076037
-0.00077952
-0.00082009
-0.00087408
-0.00093647
-0.00099023
-0.00100858
-0.00100251
-0.00097719
-0.00093299
-0.00087200
-0.00081715
-0.00080569
-0.00082555
-0.00086412
-0.00091472
-0.00097343
-0.00101608
-0.00102308
-0.00100851
-0.00097532
-0.00092603
-0.00086244
-0.00081767
-0.00081884
-0.00084600
-0.00089070
-0.00094439
-0.00100149
-0.00103279
-0.00103173
-0.00101185
-0.00097237
-0.00091609
-0.00084794
-0.00081033
-0.00081860
-0.00084976
-0.00089693
-0.00095395
-0.00100941
-0.00103459
-0.00102968
-0.00100379
-0.00096076
-0.00090440
-0.00084343
-0.00081936
-0.00083496
-0.00087057
-0.00092074
-0.00097797
-0.00102866
-0.00104708
-0.00103963
-0.00101347
-0.00097043
-0.00091096
-0.00085058
-0.00083655
-0.00085783
-0.00089967
-0.00095253
-0.00101413
-0.00106122
-0.00107262
-0.00106094
-0.00103086
-0.00098466
-0.00092113
-0.00086966
-0.00086384
-0.00088649
-0.00092689
-0.00097660
-0.00103242
-0.00106924
-0.00107072
-0.00105094
-0.00101290
-0.00095871
-0.00089066
-0.00084606
-0.00084780
-0.00087232
-0.00091454
-0.00096633
-0.00102249
-0.00105228
-0.00105162
-0.00103333
-0.00099685
-0.00094493
-0.00088109
-0.00084628
-0.00085536
-0.00088839
-0.00093899
-0.00099755
-0.00105553
-0.00108330
-0.00108043
-0.00105783
-0.00101757
-0.00095996
-0.00089789
-0.00087696
-0.00089447
-0.00093052
-0.00097904
-0.00103651
-0.00108741
-0.00110294
-0.00109278
-0.00106428
-0.00101925
-0.00095734
-0.00090000
-0.00088634
-0.00090248
-0.00093723
-0.00098286
-0.00103197
-0.00106610
-0.00106818
-0.00104802
-0.00100853
-0.00095289
-0.00088151
-0.00082470
-0.00081315
-0.00082771
-0.00086119
-0.00090590
-0.00095283
-0.00097720
-0.00096901
-0.00094072
-0.00089201
-0.00082781
-0.00075138
-0.00070252
-0.00069818
-0.00071715
-0.00075550
-0.00080207
-0.00084931
-0.00086921
-0.00086046
-0.00083058
-0.00078119
-0.00071644
-0.00064758
-0.00061581
-0.00062452
-0.00065502
-0.00069622
-0.00074643
-0.00079241
-0.00080595
-0.00079471
-0.00076414
-0.00071581
-0.00065157
-0.00058860
-0.00056785
-0.00058268
-0.00061691
-0.00066398
-0.00071631
-0.00075632
-0.00076244
-0.00074667
-0.00070968
-0.00065288
-0.00058228
-0.00052355
-0.00050811
-0.00052208
-0.00055597
-0.00059967
-0.00065054
-0.00068206
-0.00067930
-0.00065762
-0.00061499
-0.00055726
-0.00048500
-0.00043453
-0.00042903
-0.00044978
-0.00048926
-0.00054023
-0.00059477
-0.00062236
-0.00061963
-0.00059719
-0.00055598
-0.00049943
-0.00043234
-0.00039590
-0.00040215
-0.00043056
-0.00047400
-0.00052509
-0.00057474
-0.00059357
-0.00058464
-0.00055587
-0.00051078
-0.00044876
-0.00038017
-0.00035063
-0.00036040
-0.00039151
-0.00043609
-0.00048810
-0.00053344
-0.00054497
-0.00053114
-0.00049748
-0.00044742
-0.00037984
-0.00031574
-0.00029802
-0.00031441
-0.00034696
-0.00038934
-0.00043908
-0.00047567
-0.00047687
-0.00045512
-0.00041267
-0.00035454
-0.00027966
-0.00021717
-0.00020107
-0.00021320
-0.00024482
-0.00028771
-0.00033658
-0.00036310
-0.00035700
-0.00032874
-0.00028090
-0.00022000
-0.00014692
-0.00009715
-0.00009246
-0.00011268
-0.00014942
-0.00019667
-0.00024744
-0.00027119
-0.00026413
-0.00023796
-0.00019164
-0.00013023
-0.00006312
-0.00003030
-0.00003676
-0.00006673
-0.00011009
-0.00016093
-0.00020924
-0.00022679
-0.00021783
-0.00018847
-0.00014425
-0.00008633
-0.00002584
-0.00000468
-0.00001836
-0.00005134
-0.00009796
-0.00015207
-0.00019638
-0.00020776
-0.00019482
-0.00015941
-0.00010757
-0.00004174
0.00001811
0.00003073
0.00001340
-0.00002182
-0.00006961
-0.00012283
-0.00015724
-0.00015390
-0.00013079
-0.00009063
-0.00003439
0.00003750
0.00008975
0.00009381
0.00006916
0.00002767
-0.00002320
-0.00007610
-0.00010688
-0.00010601
-0.00008459
-0.00004349
0.00001249
0.00008251
0.00012112
0.00011505
0.00008927
0.00004887
0.00000099
-0.00005059
-0.00007379
-0.00006574
-0.00003935
0.00000472
0.00006505
0.00013071
0.00016224
0.00015350
0.00012330
0.00007994
0.00002907
-0.00001624
-0.00002987
-0.00001616
0.00001897
0.00007015
0.00013418
0.00019757
0.00021870
0.00020450
0.00017220
0.00012860
0.00007747
0.00003966
